<?xml version="1.0" encoding="UTF-8" standalone="no" ?>
<COLLADA xmlns="http://www.collada.org/2005/11/COLLADASchema" version="1.4.1">
    <asset>
        <contributor>
            <author>Johan V.</author>
            <authoring_tool>SketchUp 14.0.4899</authoring_tool>
        </contributor>
        <created>2017-03-25T11:14:36Z</created>
        <modified>2017-03-25T11:14:36Z</modified>
        <unit meter="0.0254" name="inch" />
        <up_axis>Z_UP</up_axis>
    </asset>
    <library_cameras>
        <camera id="ID1" name="skp_camera_Last_Saved_SketchUp_View">
            <optics>
                <technique_common>
                    <perspective>
                        <yfov>35</yfov>
                        <aspect_ratio>0</aspect_ratio>
                        <znear>1</znear>
                        <zfar>1000</zfar>
                    </perspective>
                </technique_common>
            </optics>
        </camera>
    </library_cameras>
    <library_visual_scenes>
        <visual_scene id="ID2">
            <node name="SketchUp">
                <node name="skp_camera_Last_Saved_SketchUp_View">
                    <matrix>0.8320297 -0.1058345 0.5445417 48.39557 0.5547311 0.1587389 -0.8167468 -72.62409 -4.163336e-17 0.9816318 0.1907852 43.62991 0 0 0 1</matrix>
                    <instance_camera url="#ID1" />
                </node>
                <node id="ID3" name="instance_0">
                    <matrix>0.2240063 0 0 -6.741533 0 0.2264166 0 4.894672 0 0 0.2403858 0.006657672 0 0 0 1</matrix>
                    <instance_node url="#ID4" />
                </node>
            </node>
        </visual_scene>
    </library_visual_scenes>
    <library_nodes>
        <node id="ID4" name="Tree">
            <node id="ID5" name="instance_1">
                <matrix>0.8268352 -0.5621851 -0.0170702 -30.06353 0.5620579 0.8270114 -0.01196349 25.62233 0.02084294 0.0002973941 0.9997827 98.7362 0 0 0 1</matrix>
                <instance_node url="#ID6" />
            </node>
            <node id="ID24" name="instance_2">
                <matrix>0.8268352 -0.5621851 -0.0170702 12.90333 0.5620579 0.8270114 -0.01196349 -4.528709 0.02084294 0.0002973941 0.9997827 187.604 0 0 0 1</matrix>
                <instance_node url="#ID6" />
            </node>
            <node id="ID25" name="instance_3">
                <matrix>0.8268352 -0.5621851 -0.0170702 35.17465 0.5620579 0.8270114 -0.01196349 -18.53445 0.02084294 0.0002973941 0.9997827 122.9401 0 0 0 1</matrix>
                <instance_node url="#ID6" />
            </node>
            <node id="ID26" name="instance_4">
                <matrix>0.8268352 -0.5621851 -0.0170702 7.834592 0.5620579 0.8270114 -0.01196349 4.039523 0.02084294 0.0002973941 0.9997827 197.0381 0 0 0 1</matrix>
                <instance_node url="#ID6" />
            </node>
            <node id="ID27" name="instance_5">
                <matrix>0.8268352 -0.5621851 -0.0170702 -24.48225 0.5620579 0.8270114 -0.01196349 -43.14107 0.02084294 0.0002973941 0.9997827 85.65603 0 0 0 1</matrix>
                <instance_node url="#ID6" />
            </node>
            <node id="ID28" name="instance_6">
                <matrix>0.8268352 -0.5621851 -0.0170702 18.77928 0.5620579 0.8270114 -0.01196349 -19.67414 0.02084294 0.0002973941 0.9997827 183.0418 0 0 0 1</matrix>
                <instance_node url="#ID6" />
            </node>
            <node id="ID29" name="instance_7">
                <matrix>0.8268352 -0.5621851 -0.0170702 7.668213 0.5620579 0.8270114 -0.01196349 10.31531 0.02084294 0.0002973941 0.9997827 166.0136 0 0 0 1</matrix>
                <instance_node url="#ID6" />
            </node>
            <node id="ID30" name="instance_8">
                <matrix>0.8268352 -0.5621851 -0.0170702 30.68619 0.5620579 0.8270114 -0.01196349 15.38632 0.02084294 0.0002973941 0.9997827 142.6998 0 0 0 1</matrix>
                <instance_node url="#ID6" />
            </node>
            <node id="ID31" name="instance_9">
                <matrix>0.8268352 -0.5621851 -0.0170702 45.75729 0.5620579 0.8270114 -0.01196349 23.60231 0.02084294 0.0002973941 0.9997827 85.84296 0 0 0 1</matrix>
                <instance_node url="#ID6" />
            </node>
            <node id="ID32" name="instance_10">
                <matrix>0.8268352 -0.5621851 -0.0170702 -28.9344 0.5620579 0.8270114 -0.01196349 3.070985 0.02084294 0.0002973941 0.9997827 136.2991 0 0 0 1</matrix>
                <instance_node url="#ID6" />
            </node>
            <node id="ID33" name="instance_11">
                <matrix>0.8268352 -0.5621851 -0.0170702 27.7423 0.5620579 0.8270114 -0.01196349 -25.6895 0.02084294 0.0002973941 0.9997827 140.0148 0 0 0 1</matrix>
                <instance_node url="#ID6" />
            </node>
            <node id="ID34" name="instance_12">
                <matrix>0.8268352 -0.5621851 -0.0170702 11.50518 0.5620579 0.8270114 -0.01196349 28.98897 0.02084294 0.0002973941 0.9997827 183.3228 0 0 0 1</matrix>
                <instance_node url="#ID6" />
            </node>
            <node id="ID35" name="instance_13">
                <matrix>0.8268352 -0.5621851 -0.0170702 2.054001 0.5620579 0.8270114 -0.01196349 44.77304 0.02084294 0.0002973941 0.9997827 122.5741 0 0 0 1</matrix>
                <instance_node url="#ID6" />
            </node>
            <node id="ID36" name="instance_14">
                <matrix>0.8268352 -0.5621851 -0.0170702 -21.05424 0.5620579 0.8270114 -0.01196349 -31.69988 0.02084294 0.0002973941 0.9997827 97.64821 0 0 0 1</matrix>
                <instance_node url="#ID6" />
            </node>
            <node id="ID37" name="instance_15">
                <matrix>0.8268352 -0.5621851 -0.0170702 -24.05487 0.5620579 0.8270114 -0.01196349 9.403528 0.02084294 0.0002973941 0.9997827 181.8293 0 0 0 1</matrix>
                <instance_node url="#ID6" />
            </node>
            <node id="ID38" name="instance_16">
                <matrix>0.8268352 -0.5621851 -0.0170702 -7.757189 0.5620579 0.8270114 -0.01196349 -14.84428 0.02084294 0.0002973941 0.9997827 134.9625 0 0 0 1</matrix>
                <instance_node url="#ID6" />
            </node>
            <node id="ID39" name="instance_17">
                <matrix>0.8268352 -0.5621851 -0.0170702 3.32233 0.5620579 0.8270114 -0.01196349 54.1835 0.02084294 0.0002973941 0.9997827 112.1877 0 0 0 1</matrix>
                <instance_node url="#ID6" />
            </node>
            <node id="ID40" name="instance_18">
                <matrix>0.8268352 -0.5621851 -0.0170702 -5.201589 0.5620579 0.8270114 -0.01196349 32.09569 0.02084294 0.0002973941 0.9997827 85.39707 0 0 0 1</matrix>
                <instance_node url="#ID6" />
            </node>
            <node id="ID41" name="instance_19">
                <matrix>0.8268352 -0.5621851 -0.0170702 -49.55535 0.5620579 0.8270114 -0.01196349 0.4030577 0.02084294 0.0002973941 0.9997827 112.4429 0 0 0 1</matrix>
                <instance_node url="#ID6" />
            </node>
            <node id="ID42" name="instance_20">
                <matrix>0.8268352 -0.5621851 -0.0170702 10.64614 0.5620579 0.8270114 -0.01196349 41.6183 0.02084294 0.0002973941 0.9997827 139.0809 0 0 0 1</matrix>
                <instance_node url="#ID6" />
            </node>
            <node id="ID43" name="instance_21">
                <matrix>0.8268352 -0.5621851 -0.0170702 5.351145 0.5620579 0.8270114 -0.01196349 33.23818 0.02084294 0.0002973941 0.9997827 138.5618 0 0 0 1</matrix>
                <instance_node url="#ID6" />
            </node>
            <node id="ID44" name="instance_22">
                <matrix>0.8268352 -0.5621851 -0.0170702 -14.59751 0.5620579 0.8270114 -0.01196349 12.22882 0.02084294 0.0002973941 0.9997827 135.7091 0 0 0 1</matrix>
                <instance_node url="#ID6" />
            </node>
            <node id="ID45" name="instance_23">
                <matrix>0.8268352 -0.5621851 -0.0170702 -24.0319 0.5620579 0.8270114 -0.01196349 20.02958 0.02084294 0.0002973941 0.9997827 143.7156 0 0 0 1</matrix>
                <instance_node url="#ID6" />
            </node>
            <node id="ID46" name="instance_24">
                <matrix>0.8268352 -0.5621851 -0.0170702 42.4405 0.5620579 0.8270114 -0.01196349 2.25945 0.02084294 0.0002973941 0.9997827 99.44595 0 0 0 1</matrix>
                <instance_node url="#ID6" />
            </node>
            <node id="ID47" name="instance_25">
                <matrix>0.8268352 -0.5621851 -0.0170702 -2.848064 0.5620579 0.8270114 -0.01196349 32.63962 0.02084294 0.0002973941 0.9997827 114.3469 0 0 0 1</matrix>
                <instance_node url="#ID6" />
            </node>
            <node id="ID48" name="instance_26">
                <matrix>0.8268352 -0.5621851 -0.0170702 -19.4063 0.5620579 0.8270114 -0.01196349 40.532 0.02084294 0.0002973941 0.9997827 97.64991 0 0 0 1</matrix>
                <instance_node url="#ID6" />
            </node>
            <node id="ID49" name="instance_27">
                <matrix>0.8268352 -0.5621851 -0.0170702 -14.66749 0.5620579 0.8270114 -0.01196349 -1.913764 0.02084294 0.0002973941 0.9997827 186.1967 0 0 0 1</matrix>
                <instance_node url="#ID6" />
            </node>
            <node id="ID50" name="instance_28">
                <matrix>0.8268352 -0.5621851 -0.0170702 43.2468 0.5620579 0.8270114 -0.01196349 -24.57794 0.02084294 0.0002973941 0.9997827 112.1639 0 0 0 1</matrix>
                <instance_node url="#ID6" />
            </node>
            <node id="ID51" name="instance_29">
                <matrix>0.8268352 -0.5621851 -0.0170702 -15.08035 0.5620579 0.8270114 -0.01196349 -25.6176 0.02084294 0.0002973941 0.9997827 142.674 0 0 0 1</matrix>
                <instance_node url="#ID6" />
            </node>
            <node id="ID52" name="instance_30">
                <matrix>0.8268352 -0.5621851 -0.0170702 -15.17541 0.5620579 0.8270114 -0.01196349 27.15616 0.02084294 0.0002973941 0.9997827 98.70235 0 0 0 1</matrix>
                <instance_node url="#ID6" />
            </node>
            <node id="ID53" name="instance_31">
                <matrix>0.8268352 -0.5621851 -0.0170702 28.58877 0.5620579 0.8270114 -0.01196349 -6.343658 0.02084294 0.0002973941 0.9997827 86.78857 0 0 0 1</matrix>
                <instance_node url="#ID6" />
            </node>
            <node id="ID54" name="instance_32">
                <matrix>0.8268352 -0.5621851 -0.0170702 -31.44904 0.5620579 0.8270114 -0.01196349 -19.19842 0.02084294 0.0002973941 0.9997827 158.6765 0 0 0 1</matrix>
                <instance_node url="#ID6" />
            </node>
            <node id="ID55" name="instance_33">
                <matrix>0.8268352 -0.5621851 -0.0170702 25.37673 0.5620579 0.8270114 -0.01196349 -6.815897 0.02084294 0.0002973941 0.9997827 114.1445 0 0 0 1</matrix>
                <instance_node url="#ID6" />
            </node>
            <node id="ID56" name="instance_34">
                <matrix>0.8268352 -0.5621851 -0.0170702 23.51146 0.5620579 0.8270114 -0.01196349 -17.24801 0.02084294 0.0002973941 0.9997827 139.0552 0 0 0 1</matrix>
                <instance_node url="#ID6" />
            </node>
            <node id="ID57" name="instance_35">
                <matrix>0.8268352 -0.5621851 -0.0170702 15.38319 0.5620579 0.8270114 -0.01196349 9.689208 0.02084294 0.0002973941 0.9997827 137.0198 0 0 0 1</matrix>
                <instance_node url="#ID6" />
            </node>
            <node id="ID58" name="instance_36">
                <matrix>0.8268352 -0.5621851 -0.0170702 -37.50148 0.5620579 0.8270114 -0.01196349 8.764589 0.02084294 0.0002973941 0.9997827 140.2606 0 0 0 1</matrix>
                <instance_node url="#ID6" />
            </node>
            <node id="ID59" name="instance_37">
                <matrix>0.8268352 -0.5621851 -0.0170702 27.93511 0.5620579 0.8270114 -0.01196349 3.640003 0.02084294 0.0002973941 0.9997827 97.27473 0 0 0 1</matrix>
                <instance_node url="#ID6" />
            </node>
            <node id="ID60" name="instance_38">
                <matrix>0.8268352 -0.5621851 -0.0170702 -13.94246 0.5620579 0.8270114 -0.01196349 23.80448 0.02084294 0.0002973941 0.9997827 173.2568 0 0 0 1</matrix>
                <instance_node url="#ID6" />
            </node>
            <node id="ID61" name="instance_39">
                <matrix>0.8268352 -0.5621851 -0.0170702 -35.60744 0.5620579 0.8270114 -0.01196349 -21.19012 0.02084294 0.0002973941 0.9997827 98.5104 0 0 0 1</matrix>
                <instance_node url="#ID6" />
            </node>
            <node id="ID62" name="instance_40">
                <matrix>0.8268352 -0.5621851 -0.0170702 34.96015 0.5620579 0.8270114 -0.01196349 17.74647 0.02084294 0.0002973941 0.9997827 100.2292 0 0 0 1</matrix>
                <instance_node url="#ID6" />
            </node>
            <node id="ID63" name="instance_41">
                <matrix>0.8268352 -0.5621851 -0.0170702 -7.364117 0.5620579 0.8270114 -0.01196349 -9.990533 0.02084294 0.0002973941 0.9997827 127.5979 0 0 0 1</matrix>
                <instance_node url="#ID6" />
            </node>
            <node id="ID64" name="instance_42">
                <matrix>0.8268352 -0.5621851 -0.0170702 -28.14846 0.5620579 0.8270114 -0.01196349 -4.676451 0.02084294 0.0002973941 0.9997827 111.9248 0 0 0 1</matrix>
                <instance_node url="#ID6" />
            </node>
            <node id="ID65" name="instance_43">
                <matrix>0.8268352 -0.5621851 -0.0170702 -19.042 0.5620579 0.8270114 -0.01196349 -14.91351 0.02084294 0.0002973941 0.9997827 173.3906 0 0 0 1</matrix>
                <instance_node url="#ID6" />
            </node>
            <node id="ID66" name="instance_44">
                <matrix>0.8268352 -0.5621851 -0.0170702 -40.20587 0.5620579 0.8270114 -0.01196349 0.2384852 0.02084294 0.0002973941 0.9997827 121.9717 0 0 0 1</matrix>
                <instance_node url="#ID6" />
            </node>
            <node id="ID67" name="instance_45">
                <matrix>0.8268352 -0.5621851 -0.0170702 3.066984 0.5620579 0.8270114 -0.01196349 -11.35526 0.02084294 0.0002973941 0.9997827 158.9379 0 0 0 1</matrix>
                <instance_node url="#ID6" />
            </node>
            <node id="ID68" name="instance_46">
                <matrix>0.8268352 -0.5621851 -0.0170702 -27.90457 0.5620579 0.8270114 -0.01196349 -6.282257 0.02084294 0.0002973941 0.9997827 84.28624 0 0 0 1</matrix>
                <instance_node url="#ID6" />
            </node>
            <node id="ID69" name="instance_47">
                <matrix>0.8268352 -0.5621851 -0.0170702 -15.60181 0.5620579 0.8270114 -0.01196349 39.01244 0.02084294 0.0002973941 0.9997827 163.4516 0 0 0 1</matrix>
                <instance_node url="#ID6" />
            </node>
            <node id="ID70" name="instance_48">
                <matrix>0.8268352 -0.5621851 -0.0170702 35.88774 0.5620579 0.8270114 -0.01196349 5.56181 0.02084294 0.0002973941 0.9997827 165.6378 0 0 0 1</matrix>
                <instance_node url="#ID6" />
            </node>
            <node id="ID71" name="instance_49">
                <matrix>-2.14581e-14 0.3144 0 0.6289545 -0.3144 -2.14581e-14 0 1.8336 0 0 0.3144 -0.003786847 0 0 0 1</matrix>
                <instance_node url="#ID72" />
            </node>
            <node id="ID170" name="instance_52">
                <matrix>0.8268352 -0.5621851 -0.0170702 38.59456 0.5620579 0.8270114 -0.01196349 -1.184869 0.02084294 0.0002973941 0.9997827 165.506 0 0 0 1</matrix>
                <instance_node url="#ID6" />
            </node>
            <node id="ID171" name="instance_53">
                <matrix>0.8268352 -0.5621851 -0.0170702 0.7396946 0.5620579 0.8270114 -0.01196349 18.5235 0.02084294 0.0002973941 0.9997827 182.0276 0 0 0 1</matrix>
                <instance_node url="#ID6" />
            </node>
        </node>
        <node id="ID6" name="Component_15">
            <instance_geometry url="#ID7">
                <bind_material>
                    <technique_common>
                        <instance_material symbol="Material2" target="#ID8">
                            <bind_vertex_input semantic="UVSET0" input_semantic="TEXCOORD" input_set="0" />
                        </instance_material>
                        <instance_material symbol="Material3" target="#ID18">
                            <bind_vertex_input semantic="UVSET0" input_semantic="TEXCOORD" input_set="0" />
                        </instance_material>
                    </technique_common>
                </bind_material>
            </instance_geometry>
        </node>
        <node id="ID72" name="ske16">
            <instance_geometry url="#ID98">
                <bind_material>
                    <technique_common>
                        <instance_material symbol="Material2" target="#ID76">
                            <bind_vertex_input semantic="UVSET0" input_semantic="TEXCOORD" input_set="0" />
                        </instance_material>
                        <instance_material symbol="Material3" target="#ID105">
                            <bind_vertex_input semantic="UVSET0" input_semantic="TEXCOORD" input_set="0" />
                        </instance_material>
                        <instance_material symbol="Material4" target="#ID18">
                            <bind_vertex_input semantic="UVSET0" input_semantic="TEXCOORD" input_set="0" />
                        </instance_material>
                        <instance_material symbol="Material5" target="#ID91">
                            <bind_vertex_input semantic="UVSET0" input_semantic="TEXCOORD" input_set="0" />
                        </instance_material>
                    </technique_common>
                </bind_material>
            </instance_geometry>
            <instance_geometry url="#ID110">
                <bind_material>
                    <technique_common>
                        <instance_material symbol="Material2" target="#ID76">
                            <bind_vertex_input semantic="UVSET0" input_semantic="TEXCOORD" input_set="0" />
                        </instance_material>
                        <instance_material symbol="Material3" target="#ID105">
                            <bind_vertex_input semantic="UVSET0" input_semantic="TEXCOORD" input_set="0" />
                        </instance_material>
                        <instance_material symbol="Material4" target="#ID18">
                            <bind_vertex_input semantic="UVSET0" input_semantic="TEXCOORD" input_set="0" />
                        </instance_material>
                        <instance_material symbol="Material5" target="#ID91">
                            <bind_vertex_input semantic="UVSET0" input_semantic="TEXCOORD" input_set="0" />
                        </instance_material>
                    </technique_common>
                </bind_material>
            </instance_geometry>
            <instance_geometry url="#ID120">
                <bind_material>
                    <technique_common>
                        <instance_material symbol="Material2" target="#ID76">
                            <bind_vertex_input semantic="UVSET0" input_semantic="TEXCOORD" input_set="0" />
                        </instance_material>
                        <instance_material symbol="Material3" target="#ID105">
                            <bind_vertex_input semantic="UVSET0" input_semantic="TEXCOORD" input_set="0" />
                        </instance_material>
                        <instance_material symbol="Material4" target="#ID18">
                            <bind_vertex_input semantic="UVSET0" input_semantic="TEXCOORD" input_set="0" />
                        </instance_material>
                        <instance_material symbol="Material5" target="#ID91">
                            <bind_vertex_input semantic="UVSET0" input_semantic="TEXCOORD" input_set="0" />
                        </instance_material>
                    </technique_common>
                </bind_material>
            </instance_geometry>
            <instance_geometry url="#ID130">
                <bind_material>
                    <technique_common>
                        <instance_material symbol="Material2" target="#ID91">
                            <bind_vertex_input semantic="UVSET0" input_semantic="TEXCOORD" input_set="0" />
                        </instance_material>
                    </technique_common>
                </bind_material>
            </instance_geometry>
            <instance_geometry url="#ID134">
                <bind_material>
                    <technique_common>
                        <instance_material symbol="Material2" target="#ID91">
                            <bind_vertex_input semantic="UVSET0" input_semantic="TEXCOORD" input_set="0" />
                        </instance_material>
                    </technique_common>
                </bind_material>
            </instance_geometry>
            <instance_geometry url="#ID138">
                <bind_material>
                    <technique_common>
                        <instance_material symbol="Material2" target="#ID91">
                            <bind_vertex_input semantic="UVSET0" input_semantic="TEXCOORD" input_set="0" />
                        </instance_material>
                    </technique_common>
                </bind_material>
            </instance_geometry>
            <instance_geometry url="#ID142">
                <bind_material>
                    <technique_common>
                        <instance_material symbol="Material2" target="#ID91">
                            <bind_vertex_input semantic="UVSET0" input_semantic="TEXCOORD" input_set="0" />
                        </instance_material>
                    </technique_common>
                </bind_material>
            </instance_geometry>
            <instance_geometry url="#ID146">
                <bind_material>
                    <technique_common>
                        <instance_material symbol="Material2" target="#ID91">
                            <bind_vertex_input semantic="UVSET0" input_semantic="TEXCOORD" input_set="0" />
                        </instance_material>
                    </technique_common>
                </bind_material>
            </instance_geometry>
            <instance_geometry url="#ID150">
                <bind_material>
                    <technique_common>
                        <instance_material symbol="Material2" target="#ID91">
                            <bind_vertex_input semantic="UVSET0" input_semantic="TEXCOORD" input_set="0" />
                        </instance_material>
                    </technique_common>
                </bind_material>
            </instance_geometry>
            <instance_geometry url="#ID154">
                <bind_material>
                    <technique_common>
                        <instance_material symbol="Material2" target="#ID91">
                            <bind_vertex_input semantic="UVSET0" input_semantic="TEXCOORD" input_set="0" />
                        </instance_material>
                    </technique_common>
                </bind_material>
            </instance_geometry>
            <instance_geometry url="#ID158">
                <bind_material>
                    <technique_common>
                        <instance_material symbol="Material2" target="#ID91">
                            <bind_vertex_input semantic="UVSET0" input_semantic="TEXCOORD" input_set="0" />
                        </instance_material>
                    </technique_common>
                </bind_material>
            </instance_geometry>
            <instance_geometry url="#ID162">
                <bind_material>
                    <technique_common>
                        <instance_material symbol="Material2" target="#ID91">
                            <bind_vertex_input semantic="UVSET0" input_semantic="TEXCOORD" input_set="0" />
                        </instance_material>
                    </technique_common>
                </bind_material>
            </instance_geometry>
            <instance_geometry url="#ID166">
                <bind_material>
                    <technique_common>
                        <instance_material symbol="Material2" target="#ID91">
                            <bind_vertex_input semantic="UVSET0" input_semantic="TEXCOORD" input_set="0" />
                        </instance_material>
                    </technique_common>
                </bind_material>
            </instance_geometry>
            <node id="ID73" name="instance_50">
                <matrix>-0.5075384 0.8616292 0 14.81721 -0.8616292 -0.5075384 0 27.07524 0 0 0.9312 -0.05703467 0 0 0 1</matrix>
                <instance_node url="#ID74" />
            </node>
            <node id="ID97" name="instance_51">
                <matrix>0.9916712 0.1287956 0 -36.66807 -0.1287956 0.9916712 0 3.464533 0 -0 1 -0.05563003 0 0 0 1</matrix>
                <instance_node url="#ID74" />
            </node>
        </node>
        <node id="ID74" name="Group_30">
            <instance_geometry url="#ID75">
                <bind_material>
                    <technique_common>
                        <instance_material symbol="Material2" target="#ID76">
                            <bind_vertex_input semantic="UVSET0" input_semantic="TEXCOORD" input_set="0" />
                        </instance_material>
                        <instance_material symbol="Material3" target="#ID86">
                            <bind_vertex_input semantic="UVSET0" input_semantic="TEXCOORD" input_set="0" />
                        </instance_material>
                        <instance_material symbol="Material4" target="#ID91">
                            <bind_vertex_input semantic="UVSET0" input_semantic="TEXCOORD" input_set="0" />
                        </instance_material>
                    </technique_common>
                </bind_material>
            </instance_geometry>
        </node>
    </library_nodes>
    <library_geometries>
        <geometry id="ID7">
            <mesh>
                <source id="ID13">
